abz6

9  0  4  5  8  5  2  5  6  5  7  6  0  7  3  8  1  8  5  8 
2  0  1  4  9  4  5  5  4  6  3  7  7  7  8  7  0  9  6  9 
1  1  6  1  2  3  9  3  5  3  7  5  3  6  0  6  8  9  4  9 
5  0  9  1  0  3  4  3  3  4  8  6  2  7  1  7  6  8  7  9 
3  0  7  0  0  4  4  4  5  4  1  5  6  6  2  6  9  7  8  8 
1  0  6  0  0  2  3  2  7  2  8  2  5  2  9  5  4  7  2  9 
7  1  8  1  2  2  6  3  0  5  3  5  5  6  4  8  9  9  1  9 
0  0  2  1  9  2  4  2  6  2  8  4  1  6  7  8  3  9  5  9 
4  0  0  1  3  1  1  2  7  3  8  3  9  6  5  7  6  7  2  8 
8  0  4  1  5  1  3  3  1  3  7  4  2  4  6  4  9  8  0  8

0  30 381  433 507  563 563  632 632  675 675  702 702  795 795  872 872  950 950  1030 
0  45 340  433 433  510 566  652 652  682 682  717 717  798 798  893 893  959 959  1028 
47  144 144  197 279  305 305  363 406  501 501  535 535  591 591  673 940  1018 1018  1104 
0  87 87  137 153  237 237  300 318  354 563  645 741  774 774  854 854  912 912  958 
0  85 85  105 237  284 300  381 501  566 566  595 675  701 701  741 741  781 893  940 
0  47 47  128 128  153 162  230 230  251 257  355 355  406 510  544 682  780 861  957 
105  191 191  257 257  279 279  350 350  388 388  463 652  674 780  834 834  878 950  1017 
0  62 62  108 137  171 171  196 197  254 441  507 595  651 798  828 872  957 1030  1095 
0  60 62  86 86  162 162  254 254  333 355  441 544  628 674  732 732  786 786  861 
0  68 68  88 88  161 230  318 318  340 340  402 402  440 440  521 781  827 827  851 

5024