abz5
8 0 9 1 2 2 6 4 4 4 1 6 3 7 7 7 0 8 5 9
5 0 6 1 9 2 3 2 2 3 8 4 7 4 0 4 1 7 4 9
3 1 7 3 1 4 5 5 0 5 8 5 4 5 6 6 2 8 9 9
4 0 9 0 1 1 8 2 7 2 6 3 3 4 5 8 0 9 2 9
7 0 0 0 5 1 4 1 6 2 1 3 3 3 8 6 2 7 9 7
1 0 5 2 0 3 2 5 7 5 3 6 8 7 6 7 4 7 9 8
8 1 7 1 0 2 1 2 5 3 2 4 3 5 9 6 4 6 6 8
6 0 3 0 8 3 9 4 2 6 7 6 5 6 0 7 1 8 4 8
2 1 0 1 9 3 4 3 5 4 1 5 6 5 7 8 8 8 3 9
2 0 4 2 9 5 0 6 5 7 3 8 1 9 7 9 6 9 8 9


0 94 119 178 178 261 548 643 643 742 742 834 834 910 910 972 979 1065 1065 1153 
0 99 99 185 185 267 267 328 328 393 393 459 459 530 530 597 834 916 1248 1334 
144 212 332 383 527 621 621 701 701 790 790 880 880 947 947 1013 1041 1096 1240 1336 
0 69 69 119 119 169 169 250 250 332 452 548 626 680 942 1021 1065 1157 1157 1234 
0 98 98 186 186 267 267 355 355 452 452 527 527 626 880 956 956 1041 1041 1122 
0 72 267 331 348 447 547 632 632 726 755 821 956 1014 1014 1113 1113 1181 1181 1240 
94 165 165 238 254 348 348 417 417 483 483 547 680 755 755 813 947 1042 1113 1165 
0 50 50 144 250 335 335 391 632 710 726 811 811 880 880 979 979 1073 1181 1248 
83 144 186 254 267 334 437 532 532 612 621 687 687 784 972 1067 1067 1160 1160 1227 
0 83 355 437 437 533 790 867 880 942 942 1005 1073 1136 1136 1215 1215 1286 1286 1383

4358